11
71
76
88
68
26
58
56
69
28
42
55
58
14
54
68
98
85
57
59
31
64
97
27
87
74
45
66
33
68
18
91
68
99
98
15
81
65
44
56
97
32
66
67
54
67
88
78
23
88
28
91
33
13
95
77
99
94
22
27
89
44
76
31
61
71
81
41
28
84
54
77
81
33
85
97
24
82
93
19
69
74
66
38
55
49
46
97
45
73
67
66
75
98
66
61
98
36
53
45
69
86
23
24
65
66
42
66
12
94
12
61
27
55
53
14
81
77
72
62
43
17
45
24
77
88
57
71
16
26
69
28
73
33
81
85
82
86
81
15
63
99
51
54
67
96
64
32
33
82
96
76
38
55
17
79
48
95
27
56
85
63
97
69
99
78
99
87
88
86
35
25
39
14
77
38
82
57
63
33
33
79
35
51
13
35
27
97
77
28
63
28
57
72
47
93
42
39
11
87
15
76
66
88
39
97
76
33
41
17
46
13
67
43
27
61
33
39
61
55
63
87
46
75
66
72
81
65
38
84
95
29
44
19
47
45
45
56
32
59
65
57
77
95
11
29
88
18
87
84
77
29
66
82
91
21
37
26
58
15
35
31
64
76
29
58
92
51
63
71
99
31
71
47
76
49
22
18
72
72
15
29
25
26
17
89
81
37
57
79
31
36
99
73
88
28
37
46
33
23
33
28
18
62
91
84
25
47
91
31
64
84
45
67
21
99
51
12
18
53
31
62
11
36
61
46
32
83
71
56
21
43
16
22
87
52
37
32
19
87
78
38
23
15
78
55
78
95
65
89
61
18
43
39
84
98
15
51
37
78
69
93
28
36
42
29
78
14
92
49
48
57
51
55
28
81
38
98
39
21
44
65
51
11
38
21
45
74
43
11
25
73
34
32
88
52
42
95
13
77
15
72
26
55
12
88
92
96
78
73
48
15
34
93
88
41
54
56
31
32
83
71
38
92
51
71
15
77
88
37
28
91
49
34
27
24
13
26
99
64
92
15
46
23
44
99
91
21
38
25
87
66
82
32
28
88
67
62
64
91
52
89
78
58
51
74
15
28
32
16
13
13
63
57
65
73
25
91
99
68
34
32
26
62
88
37
92
61
61
72
24
61
78
77
65
65
71
12
25
17
12
88
68
38
33
92
14
87
16
33
73
42
95
57
35
61
14
12
44
89
16
75
19
99
24
29
71
35
96
84
83
21
22
18
48
91
99
38
22
42
77
25
94
44
99
97
18
52
22
82
55
52
35
45
46
37
13
28
61
13
92
39
16
99
74
66
34
11
25
57
36
99
14
81
14
26
63
43
21
67
94
99
84
45
11
18
77
86
97
14
34
57
58
63
99
26
21
21
56
53
79
96
92
57
68
11
13
33
22
51
14
74
99
23
48
99
35
65
57
93
18
24
42
63
66
11
34
34
65
27
54
82
66
58
13
74
26
55
66
24
54
39
73
94
27
79
76
17
76
15
56
13
99
83
85
17
37
73
78
18
66
88
11
77
43
57
71
19
59
94
79
97
11
69
55
59
45
66
69
41
15
33
93
64
19
73
68
52
19
81
66
74
99
16
31
14
25
12
92
47
66
88
79
31
85
36
24
29
11
75
62
86
43
56
86
99
36
87
22
51
89
55
14
23
52
43
55
54
57
65
37
15
82
41
29
92
96
39
37
48
95
82
21
83
41
58
32
81
65
47
54
99
37
16
84
65
93
44
82
18
23
33
33
22
57
99
46
57
84
71
22
68
16
48
62
32
43
25
89
99
33
97
44
55
29
62
55
72
17
12
47
98
44
58
59
96
48
75
49
13
69
63
78
44
78
65
49
49
74
82
43
28
94
93
36
64
73
92
66
62
26
95
31
74
66
51
44
44
26
66
16
14
22
54
86
54
64
78
78
59
94
78
66
49
61
82
65
87
94
36
72
57
88
51
94
73
12
11
22
44
38
27
15
49
46
43
64
87
55
18
97
69
92
22
65
59
83
35
29
89
67
41
93
52
49
62
12
91
57
21
84
35
85
94
32
73
75
96
48
29
71
95
28
14
22
45
95
75
22
45
37
14
65
18
44
31
75
11
66
59
25
99
78
45
63
33
88
47
98
12
36
72
84
22
14
19
63
12
87
27
56
44
88
24
26
63
29
59
91
25
37
59
69
23
88
66
91
82
74
86
18
74
83
66
59
55
66
42
51
82
71
24
44
55
38
98
46
22
93
14
96
79
89
87
36
51
55
99
11
71
81
96
71
38
33
38
44
23
56
53